[PAD]
[UNK]
[CLS]
[SEP]
[MASK]
1
2
3
4
5
6
##3
##2
##1
##5
##4
##6
##11
##21
##12
111
##22
211
112
121
13
##13
212
221
122
14
##14
##23
23
222
131
311
113
24
##24
114
141
213
321
411
132
312
123
231
33
##51
##15
142
421
214
322
223
412
124
232
241
##61
##25
##16
##52
43
34
422
242
331
133
224
511
313
115
##62
##26
151
44
161
125
611
314
116
332
134
233
251
431
143
521
512
323
215
341
152
413
53
##53
144
162
261
126
612
621
252
522
441
225
414
216
432
324
342
243
423
234
63
16
226
##54
622
262
54
424
244
442
333
531
135
64
153
26
351
513
315
253
352
451
361
532
145
514
163
631
136
343
325
415
334
235
613
316
433
523
154
541
##55
146
632
461
614
254
425
245
524
164
452
434
443
416
236
344
263
542
641
326
623
362
444
462
642
##63
##56
264
246
426
624
551
515
353
533
##64
155
335
255
525
165
651
615
561
453
345
552
435
363
516
534
543
156
354
652
336
166
616
633
445
661
625
265
662
463
643
256
562
##65
436
634
454
526
446
346
364
266
626
544
644
464
535
##66
355
553
554
365
653
636
563
664
536
465
356
455
663
635
545
645
654
546
555
564
366
646
456
466
655
565
566
656
556
666
665
